$ANSIBLE_VAULT;1.1;AES256
61313332663531376637643961646535343465333565633030613331363332366465666362656366
3238323464653531366235383535376333356164633436340a636335656630366662646438336337
33333361663363353638663831616439613361393233643364386232623663656262306361366361
6137396234323962340a626362306231383437646666643332303334613932613138636232663963
33653038643936643361643164313562383263363361343739313833653738356536653065336431
63356363343530623266373636373661393730396130333465636462636132316466643462643036
34613630386432613066613236653337383763633636333734343132333533323365633664303936
35663762653065343532626361313339366239636135623563366362313233376465656164313739
38636333386566313932616138333530343533636661396239666562633538303263393964663231
32383231656235633866393462363663393131303037353636343835353835363233356430626466
64376163623234303366643164626133663138616339366338633238343834656565326239366434
39313964353738353364646164366161336564623731653764396162633636306365363335373134
66346231346231353066636636353963313365636265663832383136343032616535616164643866
62666234646261613130306332343962316164353562353330653862353239633261363465346532
30313532376532343530366539623736643664333431623338393836383133643934396439363062
34633365396636636137643031636132626433333832313363616366373361353436306438623431
61326332303162623437373131646336626263366530303538613331303362653030
