$ANSIBLE_VAULT;1.1;AES256
63653231663464343865376666653461333462616337353765376236633132383132386135656435
6236396564666265303932643934343030626365663131620a386530333733663231666532373562
36376137386636633537346464343634613966653130323235323031313537336135626564643436
3431313965383138360a666237653733613538333131323338366662643162343833303664316433
32663930393363373338366639626163613163653364623364356263376533383435333065353261
64336465333137313064376236373930303165613462393361353161623433626161323461393233
30646135373039393438396330643734353132396563336136386533353230656266623964623732
64396362376264393736376231633834363239656566393863653939323265653135316638376535
36653430326464363031633730356439313037363333346232376232366166353363313466363636
38393164303761353332663134313134663539643062323339633438316166343934383935343663
62333165643866666261326335353063616535613463633237623561353331653432343932396165
32316364633665366435663164386565313339626564653831326133396666356536626263633136
30663831366439666531363365636537306361353630343533383637303163633932326432643766
35326433336666333061373531656664333935663162336436373166653635666431643863356336
35643163323836396432363066623664316238646538626161333664636232313331306166633765
32346231363766363962653935613662613939613339326639306132353130383838393137666334
33323736333763353061333436343663303535373330616339653364373537316631643262623634
36653166343538306364306466393263373966386164623361343839336538396536653631393264
65623839386336306537396137633831313630303134323831323263666333333265393735363333
32383632353239393132353336353236333861643631656631393063376339653361383734653862
62363466303330366139626661383361346365656431393762356263333230346331393134343836
62613731356462353338356163646239323438343964303963383763366630383432323037323662
38653563336163663330633537636563326431623433326165626634633439336131646262363339
62363530636336633162653664356464373034393932383537373864353436616538343933316663
34663862333430613739653139343839313365363661346364313863616562333761373462643261
39303934373836353030313935366333326336633436343330643564376533353164333033353362
38363963373162396362373665613038343230313839646466626562316332323133656131386666
64613238393333323364
