$ANSIBLE_VAULT;1.1;AES256
62633639646638663361323036666430396634333530366663356539656362613238663630626664
6432613539653661613665643239623738653566646235630a356437656164363438363234346239
39303363646537366463656635623436346337303666346634626461633931376365383234346434
3631363135353864350a353335393763333134363430343265646464323065336237326663346233
32396663353132353633656638363765376665636163316666303030656165343666313165373137
37343066306663623739626663633663363131613038376330363431313533313337633331356138
62396262303035626365303731623265373837383465643536313236373637656232376535653964
38346461663938373039313033663033303935353936666463306265643136633037383539336164
66616465356132386365353664303035613338653632313431643332303230313431626639663835
65316661343935313233663430303563323961636264356537316162363861613338393763376665
30316161643564646238326337663937643665316130343962616531643138383538313939646533
30613863316436306265616139333961333634393431386636316562353333353732333938303834
39313263636630613939616166336130333363373632653362333266386666663563393564656365
33303633323139393961386634316463616636363065326162303935376135373532343038336331
33646162613231623664306661313866323032316431323932373036363531323439306262616266
30313563393531663764626235333463396663356363363634343461343238303032663039303164
30353636613263366361346437343236373764306430663730346433653332363263393336366635
32643538626639653464373130383761626164626536633431663561613964623138623935623238
63666239653866633464356438616336393364663236626633346333323666353039373366643465
66666134323266366562333235323634326535623137633532633233316137613338306632626131
63343466636564313862303731303465353737396138373239613838623731613866376430623337
38373962393532346461306138656637373131383836633262376235363935643465346637313139
37656663633932643531376163623564373061663164623166633535306533306362663166633963
66303038306133363566346137396133313130343131303834636161393732306365343266656362
62393736336130613430356134363933666665663630336461303238633565363465336434333339
63303739323863646665336130663135323266393862366135346238633338613431383131353065
66633663396636393866336161393332363337323062356564643563663533626332656161366165
37366438333730396631
